7.909000000000000000e+03
7.704000000000000000e+03
7.300000000000000000e+03
3.122550000000000000e+05
2.983090000000000000e+05
3.057780000000000000e+05
3.636650000000000000e+05
3.605230000000000000e+05
3.674320000000000000e+05
3.792210000000000000e+05
3.676580000000000000e+05
3.733200000000000000e+05
3.804890000000000000e+05
3.777660000000000000e+05
3.833140000000000000e+05
3.939650000000000000e+05
3.778790000000000000e+05
3.860080000000000000e+05
3.889250000000000000e+05
3.828870000000000000e+05
3.919710000000000000e+05
3.940990000000000000e+05
3.787410000000000000e+05
3.905960000000000000e+05
2.144690000000000000e+05
2.106000000000000000e+05
2.153510000000000000e+05
1.680350000000000000e+05
1.604140000000000000e+05
1.668500000000000000e+05
2.008700000000000000e+04
1.949300000000000000e+04
1.954500000000000000e+04
1.913400000000000000e+04
1.823600000000000000e+04
1.856300000000000000e+04
